A:
-10000 1849 -6523 2755 1963 -931 -2164 -2514 -9985 -9263 -2484 2327 -5660 8360 -5597 -1174 7267 -9121 -3640 3178 -6563 3261 4066 -6371 3070 -1878 -7212 -3628 6965 3995 -2067 -9853 
-4667 6570 1301 8186 7843 7927 9580 -2046 -4514 3320 9224 8417 -9223 714 -6706 -2095 5475 -4845 1946 1384 194 2216 4617 3392 -5911 -6535 -9392 6638 7653 3308 -3420 -5480 
-6773 -2304 -3296 -2478 9592 -9927 8566 6415 -6760 -3445 -8129 8510 -861 -2504 -6650 -1255 -2311 5194 2107 1616 -9511 -3417 -5945 -3860 6886 -2322 1045 -425 -742 744 -4656 -9925 
5097 -8763 75 6862 -8540 -8185 -1149 -7265 1300 -546 9518 1024 -962 -5754 -3520 2585 6520 6762 2508 3149 -2878 -1849 -7888 4622 4091 5978 6231 -1507 6919 -403 -7429 2035 
-5405 -2850 3142 -423 -7010 -3549 -133 -3917 -2884 -6906 8289 1358 3823 7448 8801 330 5677 8835 -6175 -3445 -1513 592 2050 -6778 1675 -1644 210 -7920 -7021 1618 3752 -3584 
91 -3656 -4353 -6129 2985 3348 -4725 305 -6814 236 -7859 -3352 4992 -5296 1313 -3680 -1202 3047 -2093 -6506 -9313 -9987 -4543 -1290 -2874 -5967 7156 -3807 -8390 8184 -9982 -2837 
-7024 -4775 2440 5038 3985 2544 9347 -5270 -9151 5542 -7020 -6518 -4932 -6195 -4917 8222 3356 -1059 5693 -6053 908 -1017 1888 -3677 -3717 5588 4808 -2733 -6367 9418 8778 4407 
-6659 -2708 -6907 4259 -4957 -8559 231 7142 -9290 -5980 9169 -1894 1415 -9498 -6037 1361 1711 -5322 -8518 8116 8065 4426 6589 1642 1423 4290 563 -6214 -8377 -9690 2881 -7405 
443 -7452 -2500 7722 -7915 -8946 -4880 7539 8447 7392 -9201 -3783 6728 -9730 6633 -361 -713 3773 -6735 -6188 -4932 7293 -2155 -4646 5406 1699 8949 3558 3585 3263 7583 -4763 
-9184 2783 9162 7896 2332 -4921 7580 -5212 -1135 2755 7977 4747 -5142 6946 4780 -5548 -7547 4980 -4503 8278 -1329 5852 -1282 -1517 -5176 8019 8130 -7273 9714 -1685 -4925 -2272 
6760 -5663 4824 -5311 6580 6904 -4953 -7725 -6775 2294 131 9282 5075 -1153 -1452 4553 -7143 5493 -9490 -2767 -876 -809 2910 -1202 89 -1832 -8119 7015 -2677 7583 4159 -5920 
-8313 -873 -6156 7879 -8293 -2474 -8120 -7178 -1490 -6730 -4469 1694 -3679 -4226 4909 9057 -4933 8345 5363 -922 -250 -2254 -1294 -4065 -8454 1982 -8108 2890 -7125 4847 -7805 -9158 
9678 -564 -248 6660 4024 8777 4775 6922 -6115 3556 -3641 -7850 6838 -9238 8075 -2218 2907 -7419 -8824 -1693 2578 3546 3632 9778 3883 -2248 1015 5883 3655 -8630 -5044 -7156 
7494 9251 -5578 -1107 8480 -1750 -1322 3644 -9993 -7608 2131 -4999 -6382 6269 -749 -876 1854 3664 4302 8268 5477 -363 -1742 -3708 -6652 -3224 -9042 4844 -66 -6570 -7843 8443 
5893 -9844 7623 5646 -9529 536 -902 -9124 -3825 -9318 -5634 -922 227 7766 4416 -1894 -4020 5267 4201 -2548 2462 8670 7954 7636 -1000 4981 385 5794 635 9742 -9778 3985 
-4825 -6445 798 -2204 6052 -4703 6117 6818 -2508 -7631 5455 -6651 -9360 -2548 8409 7011 3814 8585 -8947 9573 -4619 -9851 -8867 5711 -4806 -4556 4130 -8659 580 -9540 -6713 5626 
7527 -8885 -4403 7760 -4053 -1387 5502 7103 -4590 -1152 -6667 8284 -2492 -7750 3811 -2883 -8564 -8484 2843 -4095 -5354 -2155 2389 1530 2424 -3664 6261 6239 -6486 2345 8292 8629 
-2191 -6031 1406 -8550 5344 -3323 -6604 -7684 -3177 -174 4331 -6533 4984 6934 -6590 -4339 -1833 -4477 -8654 -3919 8374 1098 -3614 617 4544 4969 -210 5205 8793 -1601 2320 -4942 
7363 2735 -1245 -6674 727 -1284 5064 1663 4621 1632 -4269 5850 -6958 -9238 1497 -6601 -6087 -7676 4680 -7541 -5942 9731 -2704 -954 -5975 -6254 -5850 -7851 -2207 -720 -7154 209 
-833 -9325 7584 7544 2781 -7420 -4461 3894 -5824 9626 264 5256 -5756 1062 3782 -7220 -6663 -8457 -6339 -1688 16 -2674 9243 -3678 -3594 -282 3476 1772 6813 3750 1280 -6706 
-1376 361 9142 -5442 -7669 2154 9625 -2212 9588 -9642 -5087 -25 -4632 9560 -8571 -7573 -5875 -4764 -2962 7406 -2097 -1556 8949 -2256 4052 -4961 9140 3031 -7938 8160 -1234 4565 
-8036 3067 357 -7028 -3008 7920 -2794 -9243 6701 8954 7783 -4822 2930 5178 9734 -7320 -546 3007 4895 -2341 -7422 2303 -9683 -4839 -5523 -4268 1692 -2222 -9015 6094 -4273 4830 
-3286 948 8351 -7998 7219 3246 5722 7445 4178 8503 1791 8891 -3946 4452 8159 778 -8734 -7010 -3845 8663 3373 -7479 6424 -2007 3441 7302 -4103 -4873 6005 -9856 -6213 7443 
1279 -683 -6690 5053 5568 -9265 7358 3656 2894 9737 -453 -6791 -1565 -8338 7849 -8551 7092 9907 -4728 7500 4386 878 3171 -395 3290 2389 6336 7826 2618 -4762 80 982 
1263 374 -7207 6079 5837 8359 -6266 -5257 7459 1238 -1012 -3746 -3531 4071 375 -9579 -146 4345 -1159 8332 -5164 -5958 -2386 9193 2938 979 5420 -9075 7747 12 -3057 -4504 
5338 1926 -3316 7110 -9137 8977 -7867 -2711 6207 5878 -162 49 -5482 -547 -4979 9022 2286 -5953 6733 8937 3310 6207 -5382 -5802 3999 2863 2017 4748 5846 462 3416 -2063 
-8519 -8779 -7767 18 152 -6376 660 7191 -3073 6520 -1950 7550 -3863 -3772 -9975 -2520 3600 7466 -5538 5116 -3798 -8924 6566 7269 4469 4149 416 -1075 -6388 -9368 8452 -616 
-8573 -6843 545 6271 8044 -1824 1726 -3003 -5564 -7042 4447 -114 -9252 3645 8857 7753 4729 -6121 -8187 1844 6741 1307 -5700 -2426 6207 7142 8088 370 4515 3992 -5265 5959 
6665 -4731 2845 2842 -3279 8139 6112 7246 8662 6362 -7243 -7078 -2239 5343 -1394 -4117 4255 6676 -6308 8284 -5403 5690 165 -3530 -416 -6588 -806 -8556 8212 1568 8295 5980 
-3450 -7613 306 -2422 -6106 -7468 -3496 -6963 1185 1306 2468 -6449 -8531 7947 -8403 2020 -4649 5055 -9270 -6485 9188 5971 7464 2341 9814 -9126 5092 6691 2854 9697 -8917 -4518 
-3549 6563 6978 -8502 -9286 8327 889 5314 554 6103 -5641 -3020 2828 -6133 -2184 -7374 8474 2912 6967 -1839 -565 3198 -4092 8246 737 -2426 429 -7746 -7226 -2244 488 6000 
1772 5083 4319 2472 -6670 9827 -1602 -3781 5906 4725 -7579 617 2509 -7477 -941 8433 2952 -7026 -3514 9329 3992 -6997 -8114 -5659 5599 7073 260 -6008 -9683 4709 -866 921 

B:
-34 46 -157 -357 301 198 -357 184 -177 174 158 -250 23 -4 78 -379 108 -140 26 -72 -19 -158 -20 149 -74 52 -255 4 -342 174 118 179 
394 -222 -195 -116 253 -50 -257 -332 37 315 197 -136 198 240 -71 30 137 313 85 331 -389 -265 125 383 252 77 -164 -137 -50 144 -331 260 
-158 -71 -253 78 235 -358 -182 362 28 -324 202 305 -384 385 -289 -349 148 -92 372 -7 221 -42 -256 235 335 158 384 46 -141 166 186 -64 
225 -273 -57 365 -310 -282 363 170 -261 380 -93 -121 -127 -122 -369 -106 -323 240 8 -292 308 -390 -249 301 242 345 -189 342 -114 304 245 -379 
-71 167 -341 153 -374 -257 -49 -297 250 152 -76 -309 121 193 -16 -162 -149 -324 -175 -142 -179 -221 -33 -270 -10 -350 122 283 107 35 63 -45 
325 -204 -218 290 395 -335 345 -390 63 -117 -287 -291 291 57 -131 -283 -391 -152 -282 90 198 20 -286 -237 56 90 -197 178 -33 -127 353 266 
-88 48 -256 -234 -126 282 -313 371 -218 -332 263 326 232 24 -164 -137 313 84 -185 186 144 -272 377 61 50 -30 -39 -251 -224 12 172 128 
142 304 -55 392 -216 306 266 370 -1 -341 87 -353 -374 219 177 -139 -98 -357 6 60 333 2 321 -282 -132 379 -175 253 -350 -152 327 -164 
-343 35 -246 97 172 345 -58 45 -130 296 45 -108 78 23 303 63 319 156 113 -63 315 -16 47 330 -75 -169 -277 200 311 -98 -253 -60 
115 -248 -298 -198 -347 -304 348 254 -305 78 -187 45 378 59 205 -195 109 -346 -76 367 -240 -223 339 297 217 -336 226 182 205 -333 158 210 
107 117 122 319 -151 -319 288 -258 -328 135 96 -108 55 -159 261 -134 111 -248 162 32 108 386 134 17 -289 -103 205 365 129 -130 -105 -135 
-30 -223 -390 -124 24 -273 26 -144 123 8 249 192 -199 -42 -278 -272 78 -109 258 -90 189 -342 -298 -73 124 337 116 -387 41 97 369 -24 
-210 392 96 21 -70 381 -358 -262 -32 230 86 97 -72 -89 40 -33 -4 -36 37 91 -131 0 149 -102 -318 -287 -232 281 208 219 390 254 
-188 82 -174 315 -154 -147 113 -275 340 56 196 13 142 293 28 -263 304 203 -198 276 265 318 -278 -244 372 -75 225 -213 -379 324 195 150 
-246 -24 -177 39 4 320 -68 -254 353 105 289 -199 -141 371 171 349 -397 41 -102 136 298 40 40 197 206 347 -86 -68 127 -395 -295 372 
-198 348 107 63 -53 300 199 -284 -276 -9 224 364 -273 -78 -135 -165 400 -29 54 24 -371 -151 32 37 -183 -138 191 -98 -98 -366 285 -168 
-95 -130 284 396 -379 -210 265 291 364 -70 -55 -388 -125 -348 -127 282 -115 368 355 -32 146 -174 323 239 -338 -244 149 -286 -365 -19 -246 -253 
-345 89 -398 -273 356 244 -329 1 295 -252 -159 -8 -170 158 -129 -338 109 -352 192 54 90 288 221 -377 -192 -253 80 330 64 397 -68 -256 
-250 -109 271 -124 233 201 -334 -315 212 399 -124 384 -24 -182 -264 -300 -207 -190 118 -265 -274 -355 -209 -79 10 339 195 -393 387 -330 343 -224 
310 336 -136 -294 -31 303 -270 108 243 257 -155 -314 91 153 272 -100 -180 -158 106 333 -52 191 -85 -301 394 4 -212 60 -372 118 61 151 
8 202 163 292 91 49 -372 74 99 -353 -168 215 -297 233 -199 124 292 149 293 150 245 -251 395 -215 98 -103 15 41 45 -1 325 387 
43 -261 -272 261 321 -398 -123 -207 -380 393 -175 216 267 -230 261 -147 -325 -359 -24 -318 17 -162 -331 -7 -277 -207 -74 -30 278 399 165 312 
-182 334 -126 -334 358 -109 -347 -260 -241 137 -149 -34 -57 246 340 80 53 -307 331 -298 49 -217 318 139 -248 241 -82 -366 -285 -171 -230 379 
-115 -94 -331 293 -168 -64 362 110 43 -26 -131 221 -191 62 262 -259 399 -381 375 -129 22 -144 -96 288 -186 86 247 261 311 -388 -32 308 
-50 156 379 -290 -319 -100 235 -59 305 175 165 65 267 -286 211 -85 32 -209 -322 -9 -338 -166 184 -78 168 -102 383 -301 378 259 -5 -6 
-311 80 -310 -107 -41 322 -184 344 -214 72 246 -258 389 233 260 346 297 349 350 -167 345 7 148 40 -181 26 -189 -375 245 -279 -112 -397 
-303 -168 103 280 55 -321 -344 -233 -102 45 -189 -80 -284 227 149 -106 -194 124 56 -374 -135 -171 -278 -270 -33 197 -399 127 312 -327 -118 -133 
-239 -209 -257 311 -41 292 -141 -182 -325 -304 -119 -230 66 -260 -56 -248 310 2 -234 -270 231 111 -221 -7 -360 -344 158 -185 328 100 -77 -47 
-165 -78 -389 -105 -20 91 116 144 -137 -230 5 377 195 51 -376 264 372 -18 -181 0 -339 -375 -319 386 103 -247 102 274 268 -87 -120 -297 
-77 62 -303 -102 333 116 -64 -225 -2 -288 -27 280 -314 -55 376 308 170 237 -81 -224 -324 -319 -215 -49 -391 -340 -80 239 -232 -52 141 48 
193 233 315 -202 22 238 -385 -280 -103 -156 134 -164 -156 -68 -301 396 -255 135 -44 -104 -121 -393 -112 -196 -75 292 -295 -80 -264 -176 228 256 
-284 96 367 -102 332 -27 331 -287 354 -48 111 -48 -10 113 257 -144 -38 132 -312 -230 352 165 90 34 364 388 3 88 -58 -311 -20 -321 
