Press either of the buttons connected to CPU1 to start generation
Random Array Generation Start!
-5498 7817 -6160 -2283 -1650 -2528 -5939 5600 -4982 -2926 8348 4678 567 5441 7788 207 -1156 -5666 1634 4755 -329 -638 -7312 2426 -4370 -6439 5808 9888 8022 2254 -2059 -1639 
-7851 4471 -3921 -4379 2312 -4426 9934 -5491 125 4927 8761 -1103 -461 7082 -2850 1911 252 -5727 -5691 -6054 -5183 -8990 -8095 -9767 -381 2511 -4380 -4402 9781 -6967 9714 -5683 
-6808 1316 -6997 -5489 2504 -8737 -5860 9246 -5600 -4313 5065 1500 -4658 -9755 -5516 4159 -4633 9535 4921 8782 3115 -5931 4168 -8065 1536 9612 1389 -1428 8076 -9343 -9218 -6601 
-1599 4599 9184 5812 -107 -1115 -1368 -8712 5848 -2722 -253 -8870 524 1048 -7353 5671 543 1803 8942 -5571 4030 310 9589 3211 -5973 9235 6220 -8693 -6215 9704 -5902 -8481 
7900 9198 3792 -1983 -3490 9308 9770 -9854 -6987 6546 6 5067 -2886 9044 -9264 -9009 6814 5812 -6421 -5449 8281 -3883 -6923 6039 7364 -2052 8329 -6549 6879 895 -1618 8636 
6128 2829 6957 -7210 -4508 9587 -1747 -3852 -204 -1019 526 4786 9886 1343 9105 -7813 6940 2231 7787 5923 -9866 1533 7595 4746 -4745 421 9401 8227 2964 5291 -4989 7194 
4332 -5304 9010 5204 -3034 2530 7736 105 -1909 3481 -124 -1494 -3971 -9869 -9489 -4656 -1857 3152 7255 -9023 795 -8933 3685 2230 5516 -4048 -6182 9155 4566 -8796 9826 -9888 
9521 3996 4053 -7043 -7582 1130 -5901 6071 1180 -8019 -2835 5563 483 -1187 5956 490 3042 -7845 -5445 -273 4713 4852 3868 -7486 -2346 -674 5990 -3958 1347 9908 -9893 -9209 
1541 9450 9581 5669 -2353 -2771 -8225 911 -5284 2461 -3686 -170 4480 -2606 4872 -3167 -6644 -9922 922 2972 -6092 760 -6710 2721 -7942 9002 -1202 -145 -6984 -3357 -157 9223 
-9552 -5180 -3375 914 430 -4353 -5127 -7989 9625 -1830 5039 -608 -194 -2558 8695 -391 2634 -6421 3333 5458 -9022 8636 554 -9648 -3424 -6476 -48 9852 2874 -3282 -1391 8997 
-2765 3196 1442 5093 -7711 3831 2540 94 -6007 -275 -9230 -797 8436 -5572 -3207 -6787 6522 1336 -4068 8332 984 -8798 -6856 8077 1659 -2902 4151 2637 -9385 -6102 4879 5580 
4045 8495 4856 8591 -5547 2219 8405 -8492 -3354 -8007 -758 1836 -9740 8283 40 9249 7980 1489 630 -7656 8950 -9999 4649 -5551 4777 1252 1998 -2829 2569 -5173 -7421 2976 
5300 -4414 6542 -9013 6004 5845 -9031 5313 882 -8769 -7181 -5305 -1423 -1690 1733 -958 -7974 9581 -7824 3243 -5682 9769 7933 -8874 8736 -9040 -3131 -4130 -9670 4833 -2030 769 
-6218 4449 -8473 201 -5005 -3218 6667 -7911 3837 -9754 -6610 -2357 -9291 7039 -8192 428 -7481 -5204 5361 -8724 1895 -4116 -5273 7812 -4913 -7591 9955 4678 -317 -4635 -7814 9599 
-9690 -6054 -69 -4268 -853 -7148 -829 -3442 -490 5153 -7985 1485 -989 -4338 -4982 -4915 7189 7466 -843 -9100 628 -7739 -4656 6645 1913 -878 4208 -8229 9591 -8569 -2553 -5266 
-1523 -5402 -4200 6880 -6361 -6886 7183 7425 -8864 1037 -9394 -4309 7751 -1813 -69 -2831 1570 529 6854 8879 -5611 -9906 5932 -7609 4828 5265 -7449 -6859 4572 -9086 -6557 4410 
2409 -9879 2825 2600 4698 914 -874 -3695 -2547 -8721 2482 -4881 -5834 7663 -1287 5329 -6601 -9529 6083 -2890 4964 -7453 2108 -2642 5397 5196 9904 4682 -2565 -3301 -1139 -8583 
636 4078 9771 -7276 1864 3616 4424 -3858 2738 852 -5708 -8013 111 3454 6917 8627 -1878 -2114 7527 -4414 -6738 6240 4065 -2387 -1650 -5683 6939 2552 -1758 6040 2493 4622 
9848 9091 3616 -1867 -3078 9796 6101 -9276 1206 4163 6855 -5945 8855 -4735 2959 -2483 4281 5714 -7958 4595 -5689 8804 -7099 -325 6910 -5953 -3706 -662 9281 -9794 6539 2616 
-8850 1478 711 8663 -7850 4411 9449 -2192 9829 -1071 3423 6422 6031 1251 -4396 5743 8736 -4682 -1750 8780 3662 124 -5078 -5282 9703 7126 2642 -2698 1437 448 -6695 -3582 
50 9455 -8403 7290 2623 5980 -9862 9079 -3089 4786 9472 -4452 9522 -4553 3791 -6609 37 -5249 5189 9861 7526 7909 9454 389 -716 -2321 -3366 9050 -7783 -1567 1165 -4719 
-9077 -9219 -9267 -9014 -3395 5831 7679 4820 -2297 -6301 -5648 4106 -2045 4651 8729 -2580 -8964 9095 -7439 -9388 -2934 5922 -7734 -5757 -3796 -7004 -7493 4578 -5694 9083 -8787 2049 
-28 -2218 -2984 -7159 1586 -3307 -4508 -936 4363 4598 -7592 -2434 -623 9534 4954 -4286 7208 4003 -3340 -9370 -6439 1101 6467 1243 485 9310 4248 2009 942 -2806 -3477 -874 
-6745 -6968 43 1885 8333 7919 -6940 5659 4364 8850 -9823 1379 8354 -142 -3714 -644 -7754 3033 7751 200 9995 7409 -6175 2571 5402 -1457 -3169 7473 -1132 5307 4284 -2022 
-391 -7261 -1979 -6884 -9233 6686 238 -1762 691 -4271 7503 7310 -875 -5587 -7296 -2222 6697 93 -1834 -3472 -7463 -9427 3555 -176 7978 -2127 6996 9367 -5320 -9508 1794 8141 
3861 -8208 867 6512 -3632 -4504 7099 -7809 -6032 -2957 9872 -2896 -3905 -1204 -9187 -624 -213 -9578 9681 1201 -9281 2493 -1978 6043 2474 6027 -8552 5479 3913 9154 -163 4678 
-2149 -4594 2075 9817 -7206 -712 -8495 3032 343 560 6802 -7262 -2844 7453 -4217 -8202 7440 -455 4302 -2917 -3026 9432 -6700 4128 -4049 -9984 -1658 3536 -5709 -1798 2095 -611 
-9289 -7244 1732 -9576 -126 -4764 -3630 2743 9891 -237 -8292 -3690 -4174 9175 2321 -7603 -8954 -5919 3320 3063 8068 9562 8046 -2842 5198 9043 4595 -3542 -4272 4490 -8191 -656 
-387 -2956 3805 918 -859 9291 654 6162 -9442 5843 -6576 6043 8365 6628 9757 -4630 -2115 -6126 -4022 2520 1667 8156 4620 -7015 1078 8091 476 3601 6175 4826 2934 6418 
7566 1343 -8065 -4815 -3402 9261 -2059 2484 9377 -1690 -6562 7718 2082 293 443 970 -7808 -6049 3053 -6759 2872 380 1060 -4918 -8772 1451 5866 2030 -6647 -8294 5600 4673 
-9113 4914 -1060 -4485 8082 -6648 -6627 -3026 8498 -7320 -1019 -335 8234 -2851 -7648 -3892 7523 -8875 6481 -2562 9314 1186 4355 -768 4365 8904 1021 7948 -9699 -8729 -4065 -990 
-3612 3970 3116 -8694 -7318 -2499 9998 -2509 1311 -3491 -5101 7809 -5235 -4133 -3058 -3628 -813 2371 -9673 -5990 4541 -9625 9177 4292 9911 -5420 6964 -1609 -1273 -216 7485 -6186 


-67 -330 112 -391 -130 -270 198 302 101 -191 232 245 -114 236 58 129 -391 325 -87 17 -36 191 182 -299 -55 -314 -232 -303 106 -394 234 -76 
-233 -198 387 -163 -101 -81 58 391 -46 137 -160 226 -212 -211 300 -338 160 -338 -270 -85 289 -144 260 220 115 153 130 271 -201 -182 111 -392 
-267 -276 216 123 -20 -115 -373 -140 302 117 224 191 156 -11 -136 362 253 -277 -143 -356 -218 132 49 -38 -309 -250 154 -170 -297 -29 -104 128 
11 121 114 -274 -121 -47 -87 -276 -295 -241 264 -97 87 173 -234 0 215 132 -273 -393 120 -105 -194 310 244 -320 -128 55 -150 34 -363 301 
248 241 140 375 318 200 91 -165 -176 9 -134 26 -162 -256 229 278 -301 308 -8 -53 -179 191 -82 39 -64 -203 -116 169 227 85 164 -298 
131 54 -298 241 -97 396 -273 -210 32 354 -248 118 137 138 -167 174 -206 161 234 257 -180 -398 255 156 -234 205 66 190 -228 -267 396 -232 
-251 -290 278 -354 105 85 162 -182 274 -197 -314 261 -263 -7 -34 -35 15 -165 398 293 79 -142 -268 -152 56 -399 -335 197 22 -112 -230 -172 
70 -236 345 149 219 -25 390 331 92 -179 -105 -314 -269 -92 -122 9 292 -48 -85 288 32 -350 311 347 -16 275 -250 -206 -99 -85 -311 347 
-266 268 68 -87 236 -75 244 -46 -361 78 41 344 -330 152 3 386 202 318 73 318 -115 -147 -209 -335 -246 351 222 3 125 -190 58 -177 
284 -292 -238 37 145 16 101 92 -169 -16 145 -235 109 199 201 12 6 -124 -117 -252 394 -9 -90 356 -64 -102 -75 -173 81 -239 -323 -154 
-336 207 200 216 -204 -197 74 219 380 -395 -355 109 -265 281 -162 -364 223 119 38 235 300 -216 -375 -29 88 -369 -115 41 -41 -31 209 -188 
315 -245 360 -44 -265 131 160 368 328 -100 180 -266 -85 9 9 -131 165 70 -63 22 -89 75 305 202 370 -288 -320 33 137 332 86 -228 
44 -282 -148 172 -8 1 249 -128 35 -340 -361 89 38 362 12 -202 -140 176 -34 -27 251 -254 -8 11 244 226 159 -260 -186 178 -159 271 
-15 -304 187 319 -360 -96 -392 -5 215 -128 142 -295 186 -375 8 113 268 -341 -268 228 224 153 299 314 94 3 94 -304 130 178 -291 362 
-366 255 208 -233 392 127 353 -110 349 -81 -178 18 -74 -117 -383 109 -382 287 -245 -253 -81 84 -121 162 181 -16 -317 -162 -219 201 -32 -390 
361 -135 168 -174 226 45 -192 -169 -219 381 -83 -177 -51 -178 52 396 374 376 -280 386 138 44 -363 52 348 -388 149 -121 -288 116 -148 49 
-178 -279 -37 -341 395 301 334 -63 106 -339 -163 225 320 -177 237 40 169 -186 -119 255 312 -101 -82 -60 -249 -126 105 137 -102 280 327 -289 
84 182 160 49 43 -385 -198 -139 176 307 320 93 324 -55 -182 -291 -371 -159 -292 17 310 261 322 -244 -194 -138 26 -164 -247 -319 123 377 
200 -14 -23 1 -55 -298 -30 127 -388 204 -119 148 49 -260 221 -273 -384 -200 -233 161 256 -220 -377 309 63 -378 -317 -327 393 346 88 231 
-357 -142 -302 386 -322 -186 -384 -58 13 -3 -157 -23 57 296 -231 -138 -375 -381 187 -161 -224 251 -232 -35 106 -366 -371 -14 67 -115 190 167 
151 -233 367 -248 140 -320 356 -99 -100 343 290 -114 -129 369 -284 0 242 -181 -357 26 127 116 255 -13 -243 -311 201 -159 -12 -392 -106 246 
113 212 -329 -312 358 122 -264 101 -167 208 373 -12 -266 -145 -324 -234 -231 17 79 -12 21 255 395 -83 -209 48 226 -351 -347 -86 290 -41 
252 196 126 -111 283 -380 -21 -213 -206 209 -41 383 270 -314 193 359 -134 212 -292 -155 -334 -164 -249 198 -161 81 209 115 -303 125 94 -242 
325 -95 -43 -191 216 -324 47 267 302 210 230 -300 33 6 290 41 -203 139 344 -262 174 -101 -110 -394 -120 -82 -197 24 66 274 94 -5 
273 -287 -296 241 93 13 47 -228 181 -245 -367 -92 208 -364 -15 -354 217 245 185 -387 -92 368 43 -289 198 311 333 -45 -181 -86 -259 299 
170 21 243 -158 -245 93 -24 383 118 -140 32 270 -134 363 15 246 -195 362 -368 -350 -98 -200 73 -320 295 328 -178 -16 307 -32 380 -246 
-11 -293 333 -54 0 -50 331 -91 318 -277 55 -29 -220 -120 -368 241 -221 152 -76 -379 317 36 -137 -236 -349 -37 -79 -316 259 216 -69 62 
-31 30 -23 259 16 -193 97 -328 60 240 232 247 -55 -300 201 -324 263 115 -198 140 -250 124 -314 -256 397 322 172 -215 -179 -342 -378 52 
73 138 -308 374 33 -227 -224 -172 -40 -202 -26 303 282 18 -139 212 157 -71 359 -285 -161 -224 -141 295 33 -95 -378 380 -135 -69 241 71 
-338 78 185 174 -270 -368 -394 196 -194 238 167 -186 -268 109 -216 311 -304 -163 87 27 -346 43 -112 -165 296 -268 80 -208 -138 129 150 -219 
-394 259 381 -309 87 155 225 -255 92 -370 -189 -272 -104 -98 360 -91 -391 -101 -202 127 -152 -296 176 -132 -90 -60 -154 -253 -325 309 220 262 
178 -184 -120 396 -355 300 -76 293 200 287 275 -62 268 263 -255 -133 -252 242 101 230 -320 140 308 -290 251 341 185 -124 133 112 368 205 
Random Array Generation Done!

Press either of the buttons connected to CPU2 to start calculation
-7492201 -561767 3441453 12531009 -5511086 -4370861 3182509 5975149 8158171 -4688825 -3893275 -7524064 -7022867 -5877731 -4367491 -11310046 7473267 -7265333 836924 2062564 5466776 -2496633 -4837686 11201539 11765518 -1472531 -9602948 -1171436 495113 5976478 -4622202 -862385 
-10497984 2813062 4262835 3094605 -3683302 12695067 3340305 -5137309 4133745 -22359204 -20269851 1303242 -2445673 -1956893 11942863 -2300731 17243728 -7383625 5273461 7666487 8553096 -10354064 -6203956 9961084 5408069 -1154103 -6072324 15776522 3329278 3009814 -4954183 -5872628 
12039615 5488701 1078732 11013742 -1114067 -10466628 1532054 4575507 -4780223 458455 -7403175 6559741 1651142 -55089 -1844781 -7581375 6351968 -1307703 -6396603 -5529450 3885109 172838 -6630747 7620641 3892277 -910756 -9579029 10314338 8458870 -6928276 1221849 5409263 
1074519 2827934 11475967 -13501645 675861 -15571142 -10960109 777988 -15763883 11984556 6563039 10812789 -3633620 1048111 2104503 19638596 -1779627 -1186314 -13989389 -7480166 7811250 -5315678 -11538624 -2951232 -10667827 -10779174 10375791 -2427925 2854604 4193990 3491886 -5807954 
3805922 -25112056 1857281 397945 -13855543 1174508 -2884449 6234185 20163011 -3701984 6925130 -583501 11044982 5644805 -2599499 -5245284 1587058 -12716317 9964681 -6296825 12161134 5035821 19931457 -7478307 -10239029 -6649339 2157035 5879677 3836609 -8453238 7584109 390305 
-6715379 -6918280 -4904627 8976872 -5957876 -4881450 -3328219 4860590 13814897 2689220 97178 15431736 7494905 -820166 -4345525 340095 -21687084 1360204 1428378 -4548156 -4585617 -3489836 -3072645 -4845913 -180911 4269595 -4712927 -8476638 -1457174 7565289 15732792 -10557479 
3382969 1470987 186799 -7907911 6963955 -8143054 6400777 -15855129 -2070821 -4433680 -2515021 9120513 7516254 -5317500 16786042 -5678697 8775188 -3032544 1665665 -3191160 -754343 -9634424 -9733692 271663 -7844757 -6205375 -4254586 5521250 -5932389 -9288361 -11713537 9570939 
-8485537 -6891899 7346149 -7932478 1195452 -5016410 2957931 9740460 948248 259844 2207166 5094675 -10428659 1127064 -12817292 13726457 5444510 -394746 -3133391 -1825906 -5968871 1918651 7407940 3700378 -4215452 -71629 3366784 -3218093 -4982317 -3244070 3775678 -13081612 
-3479730 -5069057 1453243 -281287 -12681751 8119107 -2898736 16340756 3034470 364298 6843562 -3875485 -3213772 11103364 145115 -2405061 -6103222 964580 -7486677 -13165485 -2997218 -1712470 7170118 2819230 9709110 8786113 -3606603 -5397890 5045787 5120289 1485287 -1923512 
-9780620 17383050 -15773367 10523524 3191529 9584105 -2607788 -9310773 -7512503 242398 -1936635 8536653 610456 -4490366 -6614121 -5724459 -509337 6326587 3863622 6237811 -9793433 4432980 -15269940 984938 6825880 8565122 4510242 -356622 -791809 7359425 3842843 -5706696 
-3886074 -15860453 -3566452 -3135648 -5705023 7814307 8499772 -3661103 10997441 -4705141 -2406318 -6590955 8796809 8517600 3213137 -13176054 -4379310 -8641826 4216784 -5653423 5351416 -1768013 6121880 -8828627 -1570873 6792148 364754 205508 -552136 1673970 -5406651 11878224 
3106344 -13322530 14804687 -11922960 -5251006 -1216059 -2242105 -5942963 5021427 3214241 1331111 10658346 10923861 -7887096 -2356879 6878876 20287133 -1956802 -12107235 1558576 6357375 2995499 -1010037 4331888 1618592 -11981556 6015838 10447028 -1459912 -2853158 -3961873 -1622418 
-809319 9335005 -9025864 11227752 5730101 1133094 -14068897 -6561895 -3157506 15035614 2894654 -592541 2678250 -10466774 -10405229 4626143 -13412044 4981622 2473197 1652595 -19779296 17758895 17770826 -7333254 -11031263 12956465 17756587 -7998801 -14676863 -9596823 4952217 5022170 
7637500 -3000482 1004685 -298164 -8964118 -967336 -1304509 1966935 -2545005 13691564 10504980 -2186903 -2175114 -9269955 1852708 -2574457 10181636 -2663375 9732012 9494872 4646195 2172795 -3437112 -6375941 -120920 6660964 5633213 5671709 17300117 4095414 -8358167 5925360 
12546707 -2059936 -6654611 -2471951 10454134 1804137 8089790 -4456310 2602889 -6700893 1659090 -2421491 13793876 -2994812 7338908 2194250 7357988 -6026348 7643865 -11172310 13233820 -893039 406574 -29142 -13837960 2631513 -2167247 11419662 8595609 6565537 -4160242 5014451 
6920090 -9505065 -12046830 4887112 -5311279 1681636 85648 -3190752 -4149461 -12118802 -11950851 4666110 17591489 4136358 110139 -6251526 -853417 -4704742 1252365 -7129979 145625 -4192290 -5915390 13339708 10972782 3347782 -11246091 6646243 6210653 3275505 -10005352 15361450 
4667645 -323666 7522772 2124151 -3582957 -4555746 -506057 -12093422 -346956 -3703038 -3973803 976198 -3524049 -8644443 -889113 12349368 7347087 9505070 -7022752 -4629100 -3371310 2429423 -14496711 -1533930 292407 -5912297 16529 -4677469 10563122 3187132 -11050682 6429403 
-5410131 -539641 1881071 -557944 7793457 1344355 -7902231 -6864909 -3072437 12910959 -708342 6318465 -2224382 -15380466 -197931 11622539 -9861386 979530 -2536042 5115376 -4370410 1826032 -5586356 -1462642 -4502788 93546 7869983 -11084701 -7503316 5677770 814240 -5307714 
-12717880 -2228702 -16858003 -1647970 3785428 8313090 -1653667 -7748330 11330513 -10412514 -11122200 13889399 6098625 7277413 -1687122 -15312715 -7275612 -122935 13917064 -2229659 5719229 356959 6548289 -8280585 -6793219 1729451 1263499 5403041 -17383086 -14822869 12717482 -3287869 
-3850646 -12455979 -1981864 -1154259 -5406469 6193200 -1179915 -5014538 93203 -10126642 -11614163 5275465 -2483792 9348138 -9830597 -468945 20050701 -1607484 4240150 563444 6566108 -4307608 -8712178 -572291 7708042 -2970227 2956888 6760968 -566367 -1016040 -4882481 -267068 
-1590134 5057905 -3151196 1208320 5861707 -7044171 10376591 1432375 -10545794 618002 -7448076 937729 -7297697 3706346 1913645 -18041903 -5953362 68994 -11973301 -1846996 4660514 -8807183 -2621526 12944854 2378469 4637499 1829873 -6357886 -9158248 -7254477 -1287166 -1899418 
-126062 10314825 -4079677 8095615 -743634 9337014 -6746889 -649729 5353088 15346531 5590398 -10443202 -5043651 -5330575 -15038705 -5740605 -434478 -1099858 11054216 19686164 -8368625 7778072 14737735 -282304 7755341 12708976 5270000 -1824334 -4120865 -4862484 -7846864 -728781 
7415151 1129579 -923185 -2050046 9140864 2949053 5042214 1476810 3079513 -2730895 5348760 5794201 7178239 -11730974 6596621 10242682 -2756017 7444650 -7845453 -5180153 2822216 2218869 5160398 -3721985 -5609550 19260019 6145497 -2779044 4849059 3977340 1288032 -7574565 
15756550 1652888 -8918841 12025510 6114120 -1802794 -2241680 -8373233 -14972001 14528422 8305451 -13029934 -2009973 1062219 -687385 -3036463 -5019400 709378 -2586497 -819932 -3135811 1731620 7806539 2993546 198533 6304399 6312618 -14820230 -2329358 -5563356 -8843709 16156049 
4223677 -6149405 -5005331 6158455 -6069559 9270165 10538514 -2907909 16657570 -7037998 -8586496 5332752 9019972 -2564043 5568162 -10674781 6875857 10610896 7721172 9812262 -2734380 -3676594 -3777012 -14547669 6650 14484586 6481419 3288681 2886988 3100202 2916993 1493984 
-2007089 2951116 -11360919 3044862 -14790180 -5830052 -16490741 5398632 -2104566 -4683558 709306 3885247 623096 4462016 5226032 -5935455 -2393727 1089103 13256079 487811 -8399716 -1990394 -18599550 -8731276 15929074 -11849312 -7384341 1339939 6530439 6985637 5823537 729146 
-7763096 4356596 -8733046 -1831098 -11683 -678701 -4354881 -429104 -2489161 -4153871 10306297 -8543992 3299051 -3503207 -1032280 -12684161 6511161 -11809750 -631029 6129619 11417266 -806862 2958908 3930863 -9654051 561688 6324123 -9882146 -2978853 2990296 -5338119 13803635 
5566713 2833599 -3232237 7368632 2229975 -5784845 -5922632 3078497 -8206747 11247315 8245801 -1332267 -6028606 -4022973 -11302193 12136375 -2278676 -912308 -2178364 -8045250 -11078725 9370112 5015609 -2771060 -7767008 16452832 10618825 -10366563 10838033 -122242 -3625075 2360009 
2864776 -7191551 -2458333 8821111 -4600584 9244534 -4344114 -812423 7790558 -3379160 1658573 -3350643 3589632 3626693 -12665547 4210754 -8128059 1717248 -4302872 -9264403 -13135984 -2186954 14445179 11340403 9533376 9059506 -3641882 -9188253 -8958680 1483720 1412456 142606 
5996384 -367729 8140010 -9442750 -2346089 10210107 15156236 6559836 -4060421 5463442 2905000 643701 -10720083 4052485 2504202 4120040 -5421567 13273090 -6820220 14843347 -2801171 -9322961 11750046 260590 -2335759 14279539 697959 -7351437 8368678 -1758526 4011783 -3611613 
8611030 -1034899 1873726 -698168 7672108 3200509 15790651 86502 -9761560 1510685 -5235566 10998946 -4826629 -4676026 13537076 -5909598 10643831 6451845 -10952610 1159947 1971428 -946341 -4456218 -8277548 -1449470 18116109 17532425 1020610 10292111 4134234 -315366 -3325019 
-2422460 -7093602 14212544 -11006804 5802539 -4529237 11825009 -6853648 13452060 -3111551 -5032961 -62255 400270 -10103300 7231318 2226823 8841225 -4916582 5663698 -5288724 -3466400 361013 3207954 -10260423 -9540607 3039551 5437108 8927680 -6451547 870704 -7240569 -3287283 
