+-------------------------------------------------------------------------------------------------------------------------------------------------------------------------------------------------------------------------------+
; Legal Partition Candidates                                                                                                                                                                                                    ;
+--------------------------+-------+----------------+--------------+----------------+--------+-----------------+---------------+-----------------+-------+----------------+--------------+------------------+-------------------+
; Hierarchy                ; Input ; Constant Input ; Unused Input ; Floating Input ; Output ; Constant Output ; Unused Output ; Floating Output ; Bidir ; Constant Bidir ; Unused Bidir ; Input only Bidir ; Output only Bidir ;
+--------------------------+-------+----------------+--------------+----------------+--------+-----------------+---------------+-----------------+-------+----------------+--------------+------------------+-------------------+
; display_unit|seg7        ; 4     ; 0              ; 0            ; 0              ; 7      ; 0               ; 0             ; 0               ; 0     ; 0              ; 0            ; 0                ; 0                 ;
; display_unit|seg6        ; 4     ; 0              ; 0            ; 0              ; 7      ; 0               ; 0             ; 0               ; 0     ; 0              ; 0            ; 0                ; 0                 ;
; display_unit|seg5        ; 4     ; 0              ; 0            ; 0              ; 7      ; 0               ; 0             ; 0               ; 0     ; 0              ; 0            ; 0                ; 0                 ;
; display_unit|seg4        ; 4     ; 0              ; 0            ; 0              ; 7      ; 0               ; 0             ; 0               ; 0     ; 0              ; 0            ; 0                ; 0                 ;
; display_unit|seg3        ; 4     ; 0              ; 0            ; 0              ; 7      ; 0               ; 0             ; 0               ; 0     ; 0              ; 0            ; 0                ; 0                 ;
; display_unit|seg2        ; 4     ; 0              ; 0            ; 0              ; 7      ; 0               ; 0             ; 0               ; 0     ; 0              ; 0            ; 0                ; 0                 ;
; display_unit|seg1        ; 4     ; 0              ; 0            ; 0              ; 7      ; 0               ; 0             ; 0               ; 0     ; 0              ; 0            ; 0                ; 0                 ;
; display_unit|seg0        ; 4     ; 0              ; 0            ; 0              ; 7      ; 0               ; 0             ; 0               ; 0     ; 0              ; 0            ; 0                ; 0                 ;
; display_unit             ; 40    ; 10             ; 0            ; 10             ; 56     ; 10              ; 10            ; 10              ; 0     ; 0              ; 0            ; 0                ; 0                 ;
; Touch_Panel_unit         ; 6     ; 0              ; 0            ; 0              ; 29     ; 0               ; 0             ; 0               ; 0     ; 0              ; 0            ; 0                ; 0                 ;
; LCD_Data_unit            ; 27    ; 0              ; 0            ; 0              ; 48     ; 0               ; 0             ; 0               ; 0     ; 0              ; 0            ; 0                ; 0                 ;
; LCD_Config_unit|I2C_unit ; 19    ; 0              ; 0            ; 0              ; 4      ; 0               ; 0             ; 0               ; 1     ; 0              ; 0            ; 0                ; 0                 ;
; LCD_Config_unit          ; 3     ; 0              ; 0            ; 0              ; 2      ; 0               ; 0             ; 0               ; 1     ; 0              ; 0            ; 0                ; 0                 ;
+--------------------------+-------+----------------+--------------+----------------+--------+-----------------+---------------+-----------------+-------+----------------+--------------+------------------+-------------------+
